+-----+-------+--------+-----+---------+---------+---------+---------+---------+
| No  |SF,Ch/s| BW,kHz | CR  |  bit/s  | Byte/s  | Tsym,ms |Tpream,ms|Tframe,ms|
+-----+-------+--------+-----+---------+---------+---------+---------+---------+
| 228 | 1024  | 500.00 | 4/8 |  2441.4 |  305.2  |    2.0  |   25.1  |  893.4  |
|  12 |   32  | 31.25  | 4/8 |  2441.4 |  305.2  |    1.0  |   12.5  |  880.9  |
+-----+-------+--------+-----+---------+---------+---------+---------+---------+




|   1 |   32  |  7.81 |4/5 |  976.3 |  122.0 |    4.1 |   50.2 | 2234.1 |
|   2 |   32  |  7.81 |4/6 |  813.5 |  101.7 |    4.1 |   50.2 | 2664.3 |
|   3 |   32  |  7.81 |4/7 |  697.3 |   87.2 |    4.1 |   50.2 | 3094.5 |
|   4 |   32  |  7.81 |4/8 |  610.2 |   76.3 |    4.1 |   50.2 | 3524.7 |
|   5 |   32  | 15.63 |4/5 | 1953.8 |  244.2 |    2.0 |   25.1 | 1116.3 |
|   6 |   32  | 15.63 |4/6 | 1628.1 |  203.5 |    2.0 |   25.1 | 1331.3 |
|   7 |   32  | 15.63 |4/7 | 1395.5 |  174.4 |    2.0 |   25.1 | 1546.3 |
|   8 |   32  | 15.63 |4/8 | 1221.1 |  152.6 |    2.0 |   25.1 | 1761.2 |
|   9 |   32  | 31.25 |4/5 | 3906.3 |  488.3 |    1.0 |   12.5 |  558.3 |
|  10 |   32  | 31.25 |4/6 | 3255.2 |  406.9 |    1.0 |   12.5 |  665.9 |
|  11 |   32  | 31.25 |4/7 | 2790.2 |  348.8 |    1.0 |   12.5 |  773.4 |
|  13 |   32  | 62.50 |4/5 | 7812.5 |  976.6 |    0.5 |    6.3 |  279.2 |
|  14 |   32  | 62.50 |4/6 | 6510.4 |  813.8 |    0.5 |    6.3 |  332.9 |
|  15 |   32  | 62.50 |4/7 | 5580.4 |  697.5 |    0.5 |    6.3 |  386.7 |
|  16 |   32  | 62.50 |4/8 | 4882.8 |  610.4 |    0.5 |    6.3 |  440.4 |
|  17 |   32  |125.00 |4/5 |15625.0 | 1953.1 |    0.3 |    3.1 |  139.6 |
|  18 |   32  |125.00 |4/6 |13020.8 | 1627.6 |    0.3 |    3.1 |  166.5 |
|  19 |   32  |125.00 |4/7 |11160.7 | 1395.1 |    0.3 |    3.1 |  193.3 |
|  20 |   32  |125.00 |4/8 | 9765.6 | 1220.7 |    0.3 |    3.1 |  220.2 |
|  21 |   32  |250.00 |4/5 |31250.0 | 3906.3 |    0.1 |    1.6 |   69.8 |
|  22 |   32  |250.00 |4/6 |26041.7 | 3255.2 |    0.1 |    1.6 |   83.2 |
|  23 |   32  |250.00 |4/7 |22321.4 | 2790.2 |    0.1 |    1.6 |   96.7 |
|  24 |   32  |250.00 |4/8 |19531.3 | 2441.4 |    0.1 |    1.6 |  110.1 |
|  25 |   32  |500.00 |4/5 |62500.0 | 7812.5 |    0.1 |    0.8 |   34.9 |
|  26 |   32  |500.00 |4/6 |52083.3 | 6510.4 |    0.1 |    0.8 |   41.6 |
|  27 |   32  |500.00 |4/7 |44642.9 | 5580.4 |    0.1 |    0.8 |   48.3 |
|  28 |   32  |500.00 |4/8 |39062.5 | 4882.8 |    0.1 |    0.8 |   55.1 |
|  29 |   32  | 10.42 |4/5 | 1302.5 |  162.8 |    3.1 |   37.6 | 1674.5 |
|  30 |   32  | 10.42 |4/6 | 1085.4 |  135.7 |    3.1 |   37.6 | 1996.9 |
|  31 |   32  | 10.42 |4/7 |  930.4 |  116.3 |    3.1 |   37.6 | 2319.4 |
|  32 |   32  | 10.42 |4/8 |  814.1 |  101.8 |    3.1 |   37.6 | 2641.8 |
|  33 |   32  | 20.83 |4/5 | 2603.8 |  325.5 |    1.5 |   18.8 |  837.6 |
|  34 |   32  | 20.83 |4/6 | 2169.8 |  271.2 |    1.5 |   18.8 |  998.9 |
|  35 |   32  | 20.83 |4/7 | 1859.8 |  232.5 |    1.5 |   18.8 | 1160.2 |
|  36 |   32  | 20.83 |4/8 | 1627.3 |  203.4 |    1.5 |   18.8 | 1321.6 |
|  37 |   32  | 41.67 |4/5 | 5208.8 |  651.1 |    0.8 |    9.4 |  418.7 |
|  38 |   32  | 41.67 |4/6 | 4340.6 |  542.6 |    0.8 |    9.4 |  499.4 |
|  39 |   32  | 41.67 |4/7 | 3720.5 |  465.1 |    0.8 |    9.4 |  580.0 |
|  40 |   32  | 41.67 |4/8 | 3255.5 |  406.9 |    0.8 |    9.4 |  660.6 |
|  41 |   64  |  7.81 |4/5 |  585.8 |   73.2 |    8.2 |  100.4 | 3730.6 |
|  42 |   64  |  7.81 |4/6 |  488.1 |   61.0 |    8.2 |  100.4 | 4443.5 |
|  43 |   64  |  7.81 |4/7 |  418.4 |   52.3 |    8.2 |  100.4 | 5156.5 |
|  44 |   64  |  7.81 |4/8 |  366.1 |   45.8 |    8.2 |  100.4 | 5869.4 |
|  45 |   64  | 15.63 |4/5 | 1172.3 |  146.5 |    4.1 |   50.2 | 1864.1 |
|  46 |   64  | 15.63 |4/6 |  976.9 |  122.1 |    4.1 |   50.2 | 2220.3 |
|  47 |   64  | 15.63 |4/7 |  837.3 |  104.7 |    4.1 |   50.2 | 2576.6 |
|  48 |   64  | 15.63 |4/8 |  732.7 |   91.6 |    4.1 |   50.2 | 2932.8 |
|  49 |   64  | 31.25 |4/5 | 2343.8 |  293.0 |    2.0 |   25.1 |  932.4 |
|  50 |   64  | 31.25 |4/6 | 1953.1 |  244.1 |    2.0 |   25.1 | 1110.5 |
|  51 |   64  | 31.25 |4/7 | 1674.1 |  209.3 |    2.0 |   25.1 | 1288.7 |
|  52 |   64  | 31.25 |4/8 | 1464.8 |  183.1 |    2.0 |   25.1 | 1466.9 |
|  53 |   64  | 62.50 |4/5 | 4687.5 |  585.9 |    1.0 |   12.5 |  466.2 |
|  54 |   64  | 62.50 |4/6 | 3906.3 |  488.3 |    1.0 |   12.5 |  555.3 |
|  55 |   64  | 62.50 |4/7 | 3348.2 |  418.5 |    1.0 |   12.5 |  644.4 |
|  56 |   64  | 62.50 |4/8 | 2929.7 |  366.2 |    1.0 |   12.5 |  733.4 |
|  57 |   64  |125.00 |4/5 | 9375.0 | 1171.9 |    0.5 |    6.3 |  233.1 |
|  58 |   64  |125.00 |4/6 | 7812.5 |  976.6 |    0.5 |    6.3 |  277.6 |
|  59 |   64  |125.00 |4/7 | 6696.4 |  837.1 |    0.5 |    6.3 |  322.2 |
|  60 |   64  |125.00 |4/8 | 5859.4 |  732.4 |    0.5 |    6.3 |  366.7 |
|  61 |   64  |250.00 |4/5 |18750.0 | 2343.8 |    0.3 |    3.1 |  116.5 |
|  62 |   64  |250.00 |4/6 |15625.0 | 1953.1 |    0.3 |    3.1 |  138.8 |
|  63 |   64  |250.00 |4/7 |13392.9 | 1674.1 |    0.3 |    3.1 |  161.1 |
|  64 |   64  |250.00 |4/8 |11718.8 | 1464.8 |    0.3 |    3.1 |  183.4 |
|  65 |   64  |500.00 |4/5 |37500.0 | 4687.5 |    0.1 |    1.6 |   58.3 |
|  66 |   64  |500.00 |4/6 |31250.0 | 3906.3 |    0.1 |    1.6 |   69.4 |
|  67 |   64  |500.00 |4/7 |26785.7 | 3348.2 |    0.1 |    1.6 |   80.5 |
|  68 |   64  |500.00 |4/8 |23437.5 | 2929.7 |    0.1 |    1.6 |   91.7 |
|  69 |   64  | 10.42 |4/5 |  781.5 |   97.7 |    6.1 |   75.2 | 2796.2 |
|  70 |   64  | 10.42 |4/6 |  651.3 |   81.4 |    6.1 |   75.2 | 3330.5 |
|  71 |   64  | 10.42 |4/7 |  558.2 |   69.8 |    6.1 |   75.2 | 3864.9 |
|  72 |   64  | 10.42 |4/8 |  488.4 |   61.1 |    6.1 |   75.2 | 4399.2 |
|  73 |   64  | 20.83 |4/5 | 1562.3 |  195.3 |    3.1 |   37.6 | 1398.8 |
|  74 |   64  | 20.83 |4/6 | 1301.9 |  162.7 |    3.1 |   37.6 | 1666.1 |
|  75 |   64  | 20.83 |4/7 | 1115.9 |  139.5 |    3.1 |   37.6 | 1933.4 |
|  76 |   64  | 20.83 |4/8 |  976.4 |  122.1 |    3.1 |   37.6 | 2200.7 |
|  77 |   64  | 41.67 |4/5 | 3125.3 |  390.7 |    1.5 |   18.8 |  699.2 |
|  78 |   64  | 41.67 |4/6 | 2604.4 |  325.5 |    1.5 |   18.8 |  832.8 |
|  79 |   64  | 41.67 |4/7 | 2232.3 |  279.0 |    1.5 |   18.8 |  966.5 |
|  80 |   64  | 41.67 |4/8 | 1953.3 |  244.2 |    1.5 |   18.8 | 1100.1 |
|  81 |  128  |  7.81 |4/5 |  341.7 |   42.7 |   16.4 |  200.8 | 6477.8 |
|  82 |  128  |  7.81 |4/6 |  284.7 |   35.6 |   16.4 |  200.8 | 7707.0 |
|  83 |  128  |  7.81 |4/7 |  244.1 |   30.5 |   16.4 |  200.8 | 8936.2 |
|  84 |  128  |  7.81 |4/8 |  213.6 |   26.7 |   16.4 |  200.8 |10165.4 |
|  85 |  128  | 15.63 |4/5 |  683.8 |   85.5 |    8.2 |  100.3 | 3236.9 |
|  86 |  128  | 15.63 |4/6 |  569.8 |   71.2 |    8.2 |  100.3 | 3851.1 |
|  87 |  128  | 15.63 |4/7 |  488.4 |   61.1 |    8.2 |  100.3 | 4465.3 |
|  88 |  128  | 15.63 |4/8 |  427.4 |   53.4 |    8.2 |  100.3 | 5079.5 |
|  89 |  128  | 31.25 |4/5 | 1367.2 |  170.9 |    4.1 |   50.2 | 1618.9 |
|  90 |  128  | 31.25 |4/6 | 1139.3 |  142.4 |    4.1 |   50.2 | 1926.1 |
|  91 |  128  | 31.25 |4/7 |  976.6 |  122.1 |    4.1 |   50.2 | 2233.3 |
|  92 |  128  | 31.25 |4/8 |  854.5 |  106.8 |    4.1 |   50.2 | 2540.5 |
|  93 |  128  | 62.50 |4/5 | 2734.4 |  341.8 |    2.0 |   25.1 |  809.5 |
|  94 |  128  | 62.50 |4/6 | 2278.6 |  284.8 |    2.0 |   25.1 |  963.1 |
|  95 |  128  | 62.50 |4/7 | 1953.1 |  244.1 |    2.0 |   25.1 | 1116.7 |
|  96 |  128  | 62.50 |4/8 | 1709.0 |  213.6 |    2.0 |   25.1 | 1270.3 |
|  97 |  128  |125.00 |4/5 | 5468.8 |  683.6 |    1.0 |   12.5 |  404.7 |
|  98 |  128  |125.00 |4/6 | 4557.3 |  569.7 |    1.0 |   12.5 |  481.5 |
|  99 |  128  |125.00 |4/7 | 3906.3 |  488.3 |    1.0 |   12.5 |  558.3 |
| 100 |  128  |125.00 |4/8 | 3418.0 |  427.2 |    1.0 |   12.5 |  635.1 |
| 101 |  128  |250.00 |4/5 |10937.5 | 1367.2 |    0.5 |    6.3 |  202.4 |
| 102 |  128  |250.00 |4/6 | 9114.6 | 1139.3 |    0.5 |    6.3 |  240.8 |
| 103 |  128  |250.00 |4/7 | 7812.5 |  976.6 |    0.5 |    6.3 |  279.2 |
| 104 |  128  |250.00 |4/8 | 6835.9 |  854.5 |    0.5 |    6.3 |  317.6 |
| 105 |  128  |500.00 |4/5 |21875.0 | 2734.4 |    0.3 |    3.1 |  101.2 |
| 106 |  128  |500.00 |4/6 |18229.2 | 2278.6 |    0.3 |    3.1 |  120.4 |
| 107 |  128  |500.00 |4/7 |15625.0 | 1953.1 |    0.3 |    3.1 |  139.6 |
| 108 |  128  |500.00 |4/8 |13671.9 | 1709.0 |    0.3 |    3.1 |  158.8 |
| 109 |  128  | 10.42 |4/5 |  455.9 |   57.0 |   12.3 |  150.5 | 4855.3 |
| 110 |  128  | 10.42 |4/6 |  379.9 |   47.5 |   12.3 |  150.5 | 5776.6 |
| 111 |  128  | 10.42 |4/7 |  325.6 |   40.7 |   12.3 |  150.5 | 6697.9 |
| 112 |  128  | 10.42 |4/8 |  284.9 |   35.6 |   12.3 |  150.5 | 7619.2 |
| 113 |  128  | 20.83 |4/5 |  911.3 |  113.9 |    6.1 |   75.3 | 2428.8 |
| 114 |  128  | 20.83 |4/6 |  759.4 |   94.9 |    6.1 |   75.3 | 2889.7 |
| 115 |  128  | 20.83 |4/7 |  650.9 |   81.4 |    6.1 |   75.3 | 3350.6 |
| 116 |  128  | 20.83 |4/8 |  569.6 |   71.2 |    6.1 |   75.3 | 3811.4 |
| 117 |  128  | 41.67 |4/5 | 1823.1 |  227.9 |    3.1 |   37.6 | 1214.1 |
| 118 |  128  | 41.67 |4/6 | 1519.2 |  189.9 |    3.1 |   37.6 | 1444.5 |
| 119 |  128  | 41.67 |4/7 | 1302.2 |  162.8 |    3.1 |   37.6 | 1674.9 |
| 120 |  128  | 41.67 |4/8 | 1139.4 |  142.4 |    3.1 |   37.6 | 1905.3 |
| 121 |  256  |  7.81 |4/5 |  195.3 |   24.4 |   32.8 |  401.5 |11316.8 |
| 122 |  256  |  7.81 |4/6 |  162.7 |   20.3 |   32.8 |  401.5 |13447.4 |
| 123 |  256  |  7.81 |4/7 |  139.5 |   17.4 |   32.8 |  401.5 |15578.0 |
| 124 |  256  |  7.81 |4/8 |  122.0 |   15.3 |   32.8 |  401.5 |17708.6 |
| 125 |  256  | 15.63 |4/5 |  390.8 |   48.8 |   16.4 |  200.6 | 5654.8 |
| 126 |  256  | 15.63 |4/6 |  325.6 |   40.7 |   16.4 |  200.6 | 6719.4 |
| 127 |  256  | 15.63 |4/7 |  279.1 |   34.9 |   16.4 |  200.6 | 7784.0 |
| 128 |  256  | 15.63 |4/8 |  244.2 |   30.5 |   16.4 |  200.6 | 8848.6 |
| 129 |  256  | 31.25 |4/5 |  781.3 |   97.7 |    8.2 |  100.4 | 2828.3 |
| 130 |  256  | 31.25 |4/6 |  651.0 |   81.4 |    8.2 |  100.4 | 3360.8 |
| 131 |  256  | 31.25 |4/7 |  558.0 |   69.8 |    8.2 |  100.4 | 3893.2 |
| 132 |  256  | 31.25 |4/8 |  488.3 |   61.0 |    8.2 |  100.4 | 4425.7 |
| 133 |  256  | 62.50 |4/5 | 1562.5 |  195.3 |    4.1 |   50.2 | 1414.1 |
| 134 |  256  | 62.50 |4/6 | 1302.1 |  162.8 |    4.1 |   50.2 | 1680.4 |
| 135 |  256  | 62.50 |4/7 | 1116.1 |  139.5 |    4.1 |   50.2 | 1946.6 |
| 136 |  256  | 62.50 |4/8 |  976.6 |  122.1 |    4.1 |   50.2 | 2212.9 |
| 137 |  256  |125.00 |4/5 | 3125.0 |  390.6 |    2.0 |   25.1 |  707.1 |
| 138 |  256  |125.00 |4/6 | 2604.2 |  325.5 |    2.0 |   25.1 |  840.2 |
| 139 |  256  |125.00 |4/7 | 2232.1 |  279.0 |    2.0 |   25.1 |  973.3 |
| 140 |  256  |125.00 |4/8 | 1953.1 |  244.1 |    2.0 |   25.1 | 1106.4 |
| 141 |  256  |250.00 |4/5 | 6250.0 |  781.3 |    1.0 |   12.5 |  353.5 |
| 142 |  256  |250.00 |4/6 | 5208.3 |  651.0 |    1.0 |   12.5 |  420.1 |
| 143 |  256  |250.00 |4/7 | 4464.3 |  558.0 |    1.0 |   12.5 |  486.7 |
| 144 |  256  |250.00 |4/8 | 3906.3 |  488.3 |    1.0 |   12.5 |  553.2 |
| 145 |  256  |500.00 |4/5 |12500.0 | 1562.5 |    0.5 |    6.3 |  176.8 |
| 146 |  256  |500.00 |4/6 |10416.7 | 1302.1 |    0.5 |    6.3 |  210.0 |
| 147 |  256  |500.00 |4/7 | 8928.6 | 1116.1 |    0.5 |    6.3 |  243.3 |
| 148 |  256  |500.00 |4/8 | 7812.5 |  976.6 |    0.5 |    6.3 |  276.6 |
| 149 |  256  | 10.42 |4/5 |  260.5 |   32.6 |   24.6 |  301.0 | 8482.2 |
| 150 |  256  | 10.42 |4/6 |  217.1 |   27.1 |   24.6 |  301.0 |10079.1 |
| 151 |  256  | 10.42 |4/7 |  186.1 |   23.3 |   24.6 |  301.0 |11676.0 |
| 152 |  256  | 10.42 |4/8 |  162.8 |   20.4 |   24.6 |  301.0 |13272.9 |
| 153 |  256  | 20.83 |4/5 |  520.8 |   65.1 |   12.3 |  150.6 | 4243.1 |
| 154 |  256  | 20.83 |4/6 |  434.0 |   54.2 |   12.3 |  150.6 | 5042.0 |
| 155 |  256  | 20.83 |4/7 |  372.0 |   46.5 |   12.3 |  150.6 | 5840.8 |
| 156 |  256  | 20.83 |4/8 |  325.5 |   40.7 |   12.3 |  150.6 | 6639.7 |
| 157 |  256  | 41.67 |4/5 | 1041.8 |  130.2 |    6.1 |   75.3 | 2121.0 |
| 158 |  256  | 41.67 |4/6 |  868.1 |  108.5 |    6.1 |   75.3 | 2520.4 |
| 159 |  256  | 41.67 |4/7 |  744.1 |   93.0 |    6.1 |   75.3 | 2919.7 |
| 160 |  256  | 41.67 |4/8 |  651.1 |   81.4 |    6.1 |   75.3 | 3319.0 |
| 161 |  512  |  7.81 |4/5 |  109.8 |   13.7 |   65.6 |  803.1 |20339.1 |
| 162 |  512  |  7.81 |4/6 |   91.5 |   11.4 |   65.6 |  803.1 |24141.4 |
| 163 |  512  |  7.81 |4/7 |   78.4 |    9.8 |   65.6 |  803.1 |27943.7 |
| 164 |  512  |  7.81 |4/8 |   68.6 |    8.6 |   65.6 |  803.1 |31746.0 |
| 165 |  512  | 15.63 |4/5 |  219.8 |   27.5 |   32.8 |  401.3 |10163.0 |
| 166 |  512  | 15.63 |4/6 |  183.2 |   22.9 |   32.8 |  401.3 |12063.0 |
| 167 |  512  | 15.63 |4/7 |  157.0 |   19.6 |   32.8 |  401.3 |13962.9 |
| 168 |  512  | 15.63 |4/8 |  137.4 |   17.2 |   32.8 |  401.3 |15862.8 |
| 169 |  512  | 31.25 |4/5 |  439.5 |   54.9 |   16.4 |  200.7 | 5083.1 |
| 170 |  512  | 31.25 |4/6 |  366.2 |   45.8 |   16.4 |  200.7 | 6033.4 |
| 171 |  512  | 31.25 |4/7 |  313.9 |   39.2 |   16.4 |  200.7 | 6983.7 |
| 172 |  512  | 31.25 |4/8 |  274.7 |   34.3 |   16.4 |  200.7 | 7934.0 |
| 173 |  512  | 62.50 |4/5 |  878.9 |  109.9 |    8.2 |  100.4 | 2541.6 |
| 174 |  512  | 62.50 |4/6 |  732.4 |   91.6 |    8.2 |  100.4 | 3016.7 |
| 175 |  512  | 62.50 |4/7 |  627.8 |   78.5 |    8.2 |  100.4 | 3491.8 |
| 176 |  512  | 62.50 |4/8 |  549.3 |   68.7 |    8.2 |  100.4 | 3967.0 |
| 177 |  512  |125.00 |4/5 | 1757.8 |  219.7 |    4.1 |   50.2 | 1270.8 |
| 178 |  512  |125.00 |4/6 | 1464.8 |  183.1 |    4.1 |   50.2 | 1508.4 |
| 179 |  512  |125.00 |4/7 | 1255.6 |  156.9 |    4.1 |   50.2 | 1745.9 |
| 180 |  512  |125.00 |4/8 | 1098.6 |  137.3 |    4.1 |   50.2 | 1983.5 |
| 181 |  512  |250.00 |4/5 | 3515.6 |  439.5 |    2.0 |   25.1 |  635.4 |
| 182 |  512  |250.00 |4/6 | 2929.7 |  366.2 |    2.0 |   25.1 |  754.2 |
| 183 |  512  |250.00 |4/7 | 2511.2 |  313.9 |    2.0 |   25.1 |  873.0 |
| 184 |  512  |250.00 |4/8 | 2197.3 |  274.7 |    2.0 |   25.1 |  991.7 |
| 185 |  512  |500.00 |4/5 | 7031.3 |  878.9 |    1.0 |   12.5 |  317.7 |
| 186 |  512  |500.00 |4/6 | 5859.4 |  732.4 |    1.0 |   12.5 |  377.1 |
| 187 |  512  |500.00 |4/7 | 5022.3 |  627.8 |    1.0 |   12.5 |  436.5 |
| 188 |  512  |500.00 |4/8 | 4394.5 |  549.3 |    1.0 |   12.5 |  495.9 |
| 189 |  512  | 10.42 |4/5 |  146.5 |   18.3 |   49.1 |  601.9 |15244.5 |
| 190 |  512  | 10.42 |4/6 |  122.1 |   15.3 |   49.1 |  601.9 |18094.4 |
| 191 |  512  | 10.42 |4/7 |  104.7 |   13.1 |   49.1 |  601.9 |20944.3 |
| 192 |  512  | 10.42 |4/8 |   91.6 |   11.4 |   49.1 |  601.9 |23794.2 |
| 193 |  512  | 20.83 |4/5 |  292.9 |   36.6 |   24.6 |  301.1 | 7625.9 |
| 194 |  512  | 20.83 |4/6 |  244.1 |   30.5 |   24.6 |  301.1 | 9051.6 |
| 195 |  512  | 20.83 |4/7 |  209.2 |   26.2 |   24.6 |  301.1 |10477.2 |
| 196 |  512  | 20.83 |4/8 |  183.1 |   22.9 |   24.6 |  301.1 |11902.8 |
| 197 |  512  | 41.67 |4/5 |  586.0 |   73.2 |   12.3 |  150.5 | 3812.0 |
| 198 |  512  | 41.67 |4/6 |  488.3 |   61.0 |   12.3 |  150.5 | 4524.7 |
| 199 |  512  | 41.67 |4/7 |  418.6 |   52.3 |   12.3 |  150.5 | 5237.3 |
| 200 |  512  | 41.67 |4/8 |  366.2 |   45.8 |   12.3 |  150.5 | 5950.0 |
| 201 | 1024  |  7.81 |4/5 |   61.0 |    7.6 |  131.1 | 1606.1 |36744.7 |
| 202 | 1024  |  7.81 |4/6 |   50.8 |    6.4 |  131.1 | 1606.1 |43562.6 |
| 203 | 1024  |  7.81 |4/7 |   43.6 |    5.4 |  131.1 | 1606.1 |50380.5 |
| 204 | 1024  |  7.81 |4/8 |   38.1 |    4.8 |  131.1 | 1606.1 |57198.5 |
| 205 | 1024  | 15.63 |4/5 |  122.1 |   15.3 |   65.5 |  802.6 |18360.6 |
| 206 | 1024  | 15.63 |4/6 |  101.8 |   12.7 |   65.5 |  802.6 |21767.4 |
| 207 | 1024  | 15.63 |4/7 |   87.2 |   10.9 |   65.5 |  802.6 |25174.2 |
| 208 | 1024  | 15.63 |4/8 |   76.3 |    9.5 |   65.5 |  802.6 |28580.9 |
| 209 | 1024  | 31.25 |4/5 |  244.1 |   30.5 |   32.8 |  401.4 | 9183.2 |
| 210 | 1024  | 31.25 |4/6 |  203.5 |   25.4 |   32.8 |  401.4 |10887.2 |
| 211 | 1024  | 31.25 |4/7 |  174.4 |   21.8 |   32.8 |  401.4 |12591.1 |
| 212 | 1024  | 31.25 |4/8 |  152.6 |   19.1 |   32.8 |  401.4 |14295.0 |
| 213 | 1024  | 62.50 |4/5 |  488.3 |   61.0 |   16.4 |  200.7 | 4591.6 |
| 214 | 1024  | 62.50 |4/6 |  406.9 |   50.9 |   16.4 |  200.7 | 5443.6 |
| 215 | 1024  | 62.50 |4/7 |  348.8 |   43.6 |   16.4 |  200.7 | 6295.6 |
| 216 | 1024  | 62.50 |4/8 |  305.2 |   38.1 |   16.4 |  200.7 | 7147.5 |
| 217 | 1024  |125.00 |4/5 |  976.6 |  122.1 |    8.2 |  100.4 | 2295.8 |
| 218 | 1024  |125.00 |4/6 |  813.8 |  101.7 |    8.2 |  100.4 | 2721.8 |
| 219 | 1024  |125.00 |4/7 |  697.5 |   87.2 |    8.2 |  100.4 | 3147.8 |
| 220 | 1024  |125.00 |4/8 |  610.4 |   76.3 |    8.2 |  100.4 | 3573.8 |
| 221 | 1024  |250.00 |4/5 | 1953.1 |  244.1 |    4.1 |   50.2 | 1147.9 |
| 222 | 1024  |250.00 |4/6 | 1627.6 |  203.5 |    4.1 |   50.2 | 1360.9 |
| 223 | 1024  |250.00 |4/7 | 1395.1 |  174.4 |    4.1 |   50.2 | 1573.9 |
| 224 | 1024  |250.00 |4/8 | 1220.7 |  152.6 |    4.1 |   50.2 | 1786.9 |
| 225 | 1024  |500.00 |4/5 | 3906.3 |  488.3 |    2.0 |   25.1 |  574.0 |
| 226 | 1024  |500.00 |4/6 | 3255.2 |  406.9 |    2.0 |   25.1 |  680.4 |
| 227 | 1024  |500.00 |4/7 | 2790.2 |  348.8 |    2.0 |   25.1 |  786.9 |
| 229 | 1024  | 10.42 |4/5 |   81.4 |   10.2 |   98.3 | 1203.8 |27540.9 |
| 230 | 1024  | 10.42 |4/6 |   67.8 |    8.5 |   98.3 | 1203.8 |32651.1 |
| 231 | 1024  | 10.42 |4/7 |   58.1 |    7.3 |   98.3 | 1203.8 |37761.2 |
| 232 | 1024  | 10.42 |4/8 |   50.9 |    6.4 |   98.3 | 1203.8 |42871.4 |
| 233 | 1024  | 20.83 |4/5 |  162.7 |   20.3 |   49.2 |  602.2 |13777.1 |
| 234 | 1024  | 20.83 |4/6 |  135.6 |   17.0 |   49.2 |  602.2 |16333.4 |
| 235 | 1024  | 20.83 |4/7 |  116.2 |   14.5 |   49.2 |  602.2 |18889.7 |
| 236 | 1024  | 20.83 |4/8 |  101.7 |   12.7 |   49.2 |  602.2 |21446.0 |
| 237 | 1024  | 41.67 |4/5 |  325.5 |   40.7 |   24.6 |  301.0 | 6886.9 |
| 238 | 1024  | 41.67 |4/6 |  271.3 |   33.9 |   24.6 |  301.0 | 8164.7 |
| 239 | 1024  | 41.67 |4/7 |  232.5 |   29.1 |   24.6 |  301.0 | 9442.6 |
| 240 | 1024  | 41.67 |4/8 |  203.5 |   25.4 |   24.6 |  301.0 |10720.4 |
| 241 | 2048  |  7.81 |4/5 |   33.6 |    4.2 |  262.2 | 3212.3 |66933.7 |
| 242 | 2048  |  7.81 |4/6 |   28.0 |    3.5 |  262.2 | 3212.3 |79258.4 |
| 243 | 2048  |  7.81 |4/7 |   24.0 |    3.0 |  262.2 | 3212.3 |91583.1 |
| 244 | 2048  |  7.81 |4/8 |   21.0 |    2.6 |  262.2 | 3212.3 |103907.8 |
| 245 | 2048  | 15.63 |4/5 |   67.2 |    8.4 |  131.0 | 1605.1 |33445.4 |
| 246 | 2048  | 15.63 |4/6 |   56.0 |    7.0 |  131.0 | 1605.1 |39603.8 |
| 247 | 2048  | 15.63 |4/7 |   48.0 |    6.0 |  131.0 | 1605.1 |45762.3 |
| 248 | 2048  | 15.63 |4/8 |   42.0 |    5.2 |  131.0 | 1605.1 |51920.7 |
| 249 | 2048  | 31.25 |4/5 |  134.3 |   16.8 |   65.5 |  802.8 |16728.1 |
| 250 | 2048  | 31.25 |4/6 |  111.9 |   14.0 |   65.5 |  802.8 |19808.3 |
| 251 | 2048  | 31.25 |4/7 |   95.9 |   12.0 |   65.5 |  802.8 |22888.4 |
| 252 | 2048  | 31.25 |4/8 |   83.9 |   10.5 |   65.5 |  802.8 |25968.6 |
| 253 | 2048  | 62.50 |4/5 |  268.6 |   33.6 |   32.8 |  401.4 | 8364.0 |
| 254 | 2048  | 62.50 |4/6 |  223.8 |   28.0 |   32.8 |  401.4 | 9904.1 |
| 255 | 2048  | 62.50 |4/7 |  191.8 |   24.0 |   32.8 |  401.4 |11444.2 |
| 256 | 2048  | 62.50 |4/8 |  167.8 |   21.0 |   32.8 |  401.4 |12984.3 |
| 257 | 2048  |125.00 |4/5 |  537.1 |   67.1 |   16.4 |  200.7 | 4182.0 |
| 258 | 2048  |125.00 |4/6 |  447.6 |   55.9 |   16.4 |  200.7 | 4952.1 |
| 259 | 2048  |125.00 |4/7 |  383.6 |   48.0 |   16.4 |  200.7 | 5722.1 |
| 260 | 2048  |125.00 |4/8 |  335.7 |   42.0 |   16.4 |  200.7 | 6492.2 |
| 261 | 2048  |250.00 |4/5 | 1074.2 |  134.3 |    8.2 |  100.4 | 2091.0 |
| 262 | 2048  |250.00 |4/6 |  895.2 |  111.9 |    8.2 |  100.4 | 2476.0 |
| 263 | 2048  |250.00 |4/7 |  767.3 |   95.9 |    8.2 |  100.4 | 2861.1 |
| 264 | 2048  |250.00 |4/8 |  671.4 |   83.9 |    8.2 |  100.4 | 3246.1 |
| 265 | 2048  |500.00 |4/5 | 2148.4 |  268.6 |    4.1 |   50.2 | 1045.5 |
| 266 | 2048  |500.00 |4/6 | 1790.4 |  223.8 |    4.1 |   50.2 | 1238.0 |
| 267 | 2048  |500.00 |4/7 | 1534.6 |  191.8 |    4.1 |   50.2 | 1430.5 |
| 268 | 2048  |500.00 |4/8 | 1342.8 |  167.8 |    4.1 |   50.2 | 1623.0 |
| 269 | 2048  | 10.42 |4/5 |   44.8 |    5.6 |  196.5 | 2407.7 |50168.1 |
| 270 | 2048  | 10.42 |4/6 |   37.3 |    4.7 |  196.5 | 2407.7 |59405.8 |
| 271 | 2048  | 10.42 |4/7 |   32.0 |    4.0 |  196.5 | 2407.7 |68643.4 |
| 272 | 2048  | 10.42 |4/8 |   28.0 |    3.5 |  196.5 | 2407.7 |77881.0 |
| 273 | 2048  | 20.83 |4/5 |   89.5 |   11.2 |   98.3 | 1204.4 |25096.1 |
| 274 | 2048  | 20.83 |4/6 |   74.6 |    9.3 |   98.3 | 1204.4 |29717.1 |
| 275 | 2048  | 20.83 |4/7 |   63.9 |    8.0 |   98.3 | 1204.4 |34338.2 |
| 276 | 2048  | 20.83 |4/8 |   55.9 |    7.0 |   98.3 | 1204.4 |38959.2 |
| 277 | 2048  | 41.67 |4/5 |  179.1 |   22.4 |   49.1 |  602.1 |12545.0 |
| 278 | 2048  | 41.67 |4/6 |  149.2 |   18.7 |   49.1 |  602.1 |14855.0 |
| 279 | 2048  | 41.67 |4/7 |  127.9 |   16.0 |   49.1 |  602.1 |17165.0 |
| 280 | 2048  | 41.67 |4/8 |  111.9 |   14.0 |   49.1 |  602.1 |19474.9 |
| 281 | 4096  |  7.81 |4/5 |   18.3 |    2.3 |  524.5 | 6424.6 |123378.2 |
| 282 | 4096  |  7.81 |4/6 |   15.3 |    1.9 |  524.5 | 6424.6 |145929.8 |
| 283 | 4096  |  7.81 |4/7 |   13.1 |    1.6 |  524.5 | 6424.6 |168481.4 |
| 284 | 4096  |  7.81 |4/8 |   11.4 |    1.4 |  524.5 | 6424.6 |191033.0 |
| 285 | 4096  | 15.63 |4/5 |   36.6 |    4.6 |  262.1 | 3210.2 |61649.6 |
| 286 | 4096  | 15.63 |4/6 |   30.5 |    3.8 |  262.1 | 3210.2 |72918.2 |
| 287 | 4096  | 15.63 |4/7 |   26.2 |    3.3 |  262.1 | 3210.2 |84186.8 |
| 288 | 4096  | 15.63 |4/8 |   22.9 |    2.9 |  262.1 | 3210.2 |95455.4 |
| 289 | 4096  | 31.25 |4/5 |   73.2 |    9.2 |  131.1 | 1605.6 |30834.7 |
| 290 | 4096  | 31.25 |4/6 |   61.0 |    7.6 |  131.1 | 1605.6 |36470.8 |
| 291 | 4096  | 31.25 |4/7 |   52.3 |    6.5 |  131.1 | 1605.6 |42106.9 |
| 292 | 4096  | 31.25 |4/8 |   45.8 |    5.7 |  131.1 | 1605.6 |47743.0 |
| 293 | 4096  | 62.50 |4/5 |  146.5 |   18.3 |   65.5 |  802.8 |15417.3 |
| 294 | 4096  | 62.50 |4/6 |  122.1 |   15.3 |   65.5 |  802.8 |18235.4 |
| 295 | 4096  | 62.50 |4/7 |  104.6 |   13.1 |   65.5 |  802.8 |21053.4 |
| 296 | 4096  | 62.50 |4/8 |   91.6 |   11.4 |   65.5 |  802.8 |23871.5 |
| 297 | 4096  |125.00 |4/5 |  293.0 |   36.6 |   32.8 |  401.4 | 7708.7 |
| 298 | 4096  |125.00 |4/6 |  244.1 |   30.5 |   32.8 |  401.4 | 9117.7 |
| 299 | 4096  |125.00 |4/7 |  209.3 |   26.2 |   32.8 |  401.4 |10526.7 |
| 300 | 4096  |125.00 |4/8 |  183.1 |   22.9 |   32.8 |  401.4 |11935.7 |
| 301 | 4096  |250.00 |4/5 |  585.9 |   73.2 |   16.4 |  200.7 | 3854.3 |
| 302 | 4096  |250.00 |4/6 |  488.3 |   61.0 |   16.4 |  200.7 | 4558.8 |
| 303 | 4096  |250.00 |4/7 |  418.5 |   52.3 |   16.4 |  200.7 | 5263.4 |
| 304 | 4096  |250.00 |4/8 |  366.2 |   45.8 |   16.4 |  200.7 | 5967.9 |
| 305 | 4096  |500.00 |4/5 | 1171.9 |  146.5 |    8.2 |  100.4 | 1927.2 |
| 306 | 4096  |500.00 |4/6 |  976.6 |  122.1 |    8.2 |  100.4 | 2279.4 |
| 307 | 4096  |500.00 |4/7 |  837.1 |  104.6 |    8.2 |  100.4 | 2631.7 |
| 308 | 4096  |500.00 |4/8 |  732.4 |   91.6 |    8.2 |  100.4 | 2983.9 |
| 309 | 4096  | 10.42 |4/5 |   24.4 |    3.1 |  393.1 | 4815.4 |92474.5 |
| 310 | 4096  | 10.42 |4/6 |   20.4 |    2.5 |  393.1 | 4815.4 |109377.4 |
| 311 | 4096  | 10.42 |4/7 |   17.4 |    2.2 |  393.1 | 4815.4 |126280.2 |
| 312 | 4096  | 10.42 |4/8 |   15.3 |    1.9 |  393.1 | 4815.4 |143183.1 |
| 313 | 4096  | 20.83 |4/5 |   48.8 |    6.1 |  196.6 | 2408.8 |46259.4 |
| 314 | 4096  | 20.83 |4/6 |   40.7 |    5.1 |  196.6 | 2408.8 |54714.9 |
| 315 | 4096  | 20.83 |4/7 |   34.9 |    4.4 |  196.6 | 2408.8 |63170.4 |
| 316 | 4096  | 20.83 |4/8 |   30.5 |    3.8 |  196.6 | 2408.8 |71625.9 |
| 317 | 4096  | 41.67 |4/5 |   97.7 |   12.2 |   98.3 | 1204.1 |23124.2 |
| 318 | 4096  | 41.67 |4/6 |   81.4 |   10.2 |   98.3 | 1204.1 |27350.9 |
| 319 | 4096  | 41.67 |4/7 |   69.8 |    8.7 |   98.3 | 1204.1 |31577.6 |
| 320 | 4096  | 41.67 |4/8 |   61.0 |    7.6 |   98.3 | 1204.1 |35804.4 |
