
|SF,Ch/s| BW,kHz | CR  | bit/s   | Byte/s  |
|  4096 |   7.81 | 4/8 |    11.4 |     1.4 |
|  4096 |   7.81 | 4/7 |    13.1 |     1.6 |
|  4096 |   7.81 | 4/6 |    15.3 |     1.9 |
|  4096 |  10.42 | 4/8 |    15.3 |     1.9 |
|  4096 |  10.42 | 4/7 |    17.4 |     2.2 |
|  4096 |   7.81 | 4/5 |    18.3 |     2.3 |
|  4096 |  10.42 | 4/6 |    20.4 |     2.5 |
|  2048 |   7.81 | 4/8 |    21.0 |     2.6 |
|  4096 |  15.63 | 4/8 |    22.9 |     2.9 |
|  2048 |   7.81 | 4/7 |    24.0 |     3.0 |
|  4096 |  10.42 | 4/5 |    24.4 |     3.1 |
|  4096 |  15.63 | 4/7 |    26.2 |     3.3 |
|  2048 |   7.81 | 4/6 |    28.0 |     3.5 |
|  2048 |  10.42 | 4/8 |    28.0 |     3.5 |
|  4096 |  15.63 | 4/6 |    30.5 |     3.8 |
|  4096 |  20.83 | 4/8 |    30.5 |     3.8 |
|  2048 |  10.42 | 4/7 |    32.0 |     4.0 |
|  2048 |   7.81 | 4/5 |    33.6 |     4.2 |
|  4096 |  20.83 | 4/7 |    34.9 |     4.4 |
|  4096 |  15.63 | 4/5 |    36.6 |     4.6 |
|  2048 |  10.42 | 4/6 |    37.3 |     4.7 |
|  1024 |   7.81 | 4/8 |    38.1 |     4.8 |
|  4096 |  20.83 | 4/6 |    40.7 |     5.1 |
|  2048 |  15.63 | 4/8 |    42.0 |     5.2 |
|  1024 |   7.81 | 4/7 |    43.6 |     5.4 |
|  2048 |  10.42 | 4/5 |    44.8 |     5.6 |
|  4096 |  31.25 | 4/8 |    45.8 |     5.7 |
|  2048 |  15.63 | 4/7 |    48.0 |     6.0 |
|  4096 |  20.83 | 4/5 |    48.8 |     6.1 |
|  1024 |   7.81 | 4/6 |    50.8 |     6.4 |
|  1024 |  10.42 | 4/8 |    50.9 |     6.4 |
|  4096 |  31.25 | 4/7 |    52.3 |     6.5 |
|  2048 |  20.83 | 4/8 |    55.9 |     7.0 |
|  2048 |  15.63 | 4/6 |    56.0 |     7.0 |
|  1024 |  10.42 | 4/7 |    58.1 |     7.3 |
|  1024 |   7.81 | 4/5 |    61.0 |     7.6 |
|  4096 |  31.25 | 4/6 |    61.0 |     7.6 |
|  4096 |  41.67 | 4/8 |    61.0 |     7.6 |
|  2048 |  20.83 | 4/7 |    63.9 |     8.0 |
|  2048 |  15.63 | 4/5 |    67.2 |     8.4 |
|  1024 |  10.42 | 4/6 |    67.8 |     8.5 |
|   512 |   7.81 | 4/8 |    68.6 |     8.6 |
|  4096 |  41.67 | 4/7 |    69.8 |     8.7 |
|  4096 |  31.25 | 4/5 |    73.2 |     9.2 |
|  2048 |  20.83 | 4/6 |    74.6 |     9.3 |
|  1024 |  15.63 | 4/8 |    76.3 |     9.5 |
|   512 |   7.81 | 4/7 |    78.4 |     9.8 |
|  1024 |  10.42 | 4/5 |    81.4 |    10.2 |
|  4096 |  41.67 | 4/6 |    81.4 |    10.2 |
|  2048 |  31.25 | 4/8 |    83.9 |    10.5 |
|  1024 |  15.63 | 4/7 |    87.2 |    10.9 |
|  2048 |  20.83 | 4/5 |    89.5 |    11.2 |
|   512 |   7.81 | 4/6 |    91.5 |    11.4 |
|   512 |  10.42 | 4/8 |    91.6 |    11.4 |
|  4096 |  62.50 | 4/8 |    91.6 |    11.4 |
|  2048 |  31.25 | 4/7 |    95.9 |    12.0 |
|  4096 |  41.67 | 4/5 |    97.7 |    12.2 |
|  1024 |  20.83 | 4/8 |   101.7 |    12.7 |
|  1024 |  15.63 | 4/6 |   101.8 |    12.7 |
|  4096 |  62.50 | 4/7 |   104.6 |    13.1 |
|   512 |  10.42 | 4/7 |   104.7 |    13.1 |
|   512 |   7.81 | 4/5 |   109.8 |    13.7 |
|  2048 |  31.25 | 4/6 |   111.9 |    14.0 |
|  2048 |  41.67 | 4/8 |   111.9 |    14.0 |
|  1024 |  20.83 | 4/7 |   116.2 |    14.5 |
|   256 |   7.81 | 4/8 |   122.0 |    15.3 |
|   512 |  10.42 | 4/6 |   122.1 |    15.3 |
|  1024 |  15.63 | 4/5 |   122.1 |    15.3 |
|  4096 |  62.50 | 4/6 |   122.1 |    15.3 |
|  2048 |  41.67 | 4/7 |   127.9 |    16.0 |
|  2048 |  31.25 | 4/5 |   134.3 |    16.8 |
|  1024 |  20.83 | 4/6 |   135.6 |    17.0 |
|   512 |  15.63 | 4/8 |   137.4 |    17.2 |
|   256 |   7.81 | 4/7 |   139.5 |    17.4 |
|   512 |  10.42 | 4/5 |   146.5 |    18.3 |
|  4096 |  62.50 | 4/5 |   146.5 |    18.3 |
|  2048 |  41.67 | 4/6 |   149.2 |    18.7 |
|  1024 |  31.25 | 4/8 |   152.6 |    19.1 |
|   512 |  15.63 | 4/7 |   157.0 |    19.6 |
|   256 |   7.81 | 4/6 |   162.7 |    20.3 |
|  1024 |  20.83 | 4/5 |   162.7 |    20.3 |
|   256 |  10.42 | 4/8 |   162.8 |    20.4 |
|  2048 |  62.50 | 4/8 |   167.8 |    21.0 |
|  1024 |  31.25 | 4/7 |   174.4 |    21.8 |
|  2048 |  41.67 | 4/5 |   179.1 |    22.4 |
|   512 |  20.83 | 4/8 |   183.1 |    22.9 |
|  4096 | 125.00 | 4/8 |   183.1 |    22.9 |
|   512 |  15.63 | 4/6 |   183.2 |    22.9 |
|   256 |  10.42 | 4/7 |   186.1 |    23.3 |
|  2048 |  62.50 | 4/7 |   191.8 |    24.0 |
|   256 |   7.81 | 4/5 |   195.3 |    24.4 |
|  1024 |  31.25 | 4/6 |   203.5 |    25.4 |
|  1024 |  41.67 | 4/8 |   203.5 |    25.4 |
|   512 |  20.83 | 4/7 |   209.2 |    26.2 |
|  4096 | 125.00 | 4/7 |   209.3 |    26.2 |
|   128 |   7.81 | 4/8 |   213.6 |    26.7 |
|   256 |  10.42 | 4/6 |   217.1 |    27.1 |
|   512 |  15.63 | 4/5 |   219.8 |    27.5 |
|  2048 |  62.50 | 4/6 |   223.8 |    28.0 |
|  1024 |  41.67 | 4/7 |   232.5 |    29.1 |
|   128 |   7.81 | 4/7 |   244.1 |    30.5 |
|   512 |  20.83 | 4/6 |   244.1 |    30.5 |
|  1024 |  31.25 | 4/5 |   244.1 |    30.5 |
|  4096 | 125.00 | 4/6 |   244.1 |    30.5 |
|   256 |  15.63 | 4/8 |   244.2 |    30.5 |
|   256 |  10.42 | 4/5 |   260.5 |    32.6 |
|  2048 |  62.50 | 4/5 |   268.6 |    33.6 |
|  1024 |  41.67 | 4/6 |   271.3 |    33.9 |
|   512 |  31.25 | 4/8 |   274.7 |    34.3 |
|   256 |  15.63 | 4/7 |   279.1 |    34.9 |
|   128 |   7.81 | 4/6 |   284.7 |    35.6 |
|   128 |  10.42 | 4/8 |   284.9 |    35.6 |
|   512 |  20.83 | 4/5 |   292.9 |    36.6 |
|  4096 | 125.00 | 4/5 |   293.0 |    36.6 |
|  1024 |  62.50 | 4/8 |   305.2 |    38.1 |
|   512 |  31.25 | 4/7 |   313.9 |    39.2 |
|   256 |  20.83 | 4/8 |   325.5 |    40.7 |
|  1024 |  41.67 | 4/5 |   325.5 |    40.7 |
|   128 |  10.42 | 4/7 |   325.6 |    40.7 |
|   256 |  15.63 | 4/6 |   325.6 |    40.7 |
|  2048 | 125.00 | 4/8 |   335.7 |    42.0 |
|   128 |   7.81 | 4/5 |   341.7 |    42.7 |
|  1024 |  62.50 | 4/7 |   348.8 |    43.6 |
|    64 |   7.81 | 4/8 |   366.1 |    45.8 |
|   512 |  31.25 | 4/6 |   366.2 |    45.8 |
|   512 |  41.67 | 4/8 |   366.2 |    45.8 |
|  4096 | 250.00 | 4/8 |   366.2 |    45.8 |
|   256 |  20.83 | 4/7 |   372.0 |    46.5 |
|   128 |  10.42 | 4/6 |   379.9 |    47.5 |
|  2048 | 125.00 | 4/7 |   383.6 |    48.0 |
|   256 |  15.63 | 4/5 |   390.8 |    48.8 |
|  1024 |  62.50 | 4/6 |   406.9 |    50.9 |
|    64 |   7.81 | 4/7 |   418.4 |    52.3 |
|  4096 | 250.00 | 4/7 |   418.5 |    52.3 |
|   512 |  41.67 | 4/7 |   418.6 |    52.3 |
|   128 |  15.63 | 4/8 |   427.4 |    53.4 |
|   256 |  20.83 | 4/6 |   434.0 |    54.2 |
|   512 |  31.25 | 4/5 |   439.5 |    54.9 |
|  2048 | 125.00 | 4/6 |   447.6 |    55.9 |
|   128 |  10.42 | 4/5 |   455.9 |    57.0 |
|    64 |   7.81 | 4/6 |   488.1 |    61.0 |
|   256 |  31.25 | 4/8 |   488.3 |    61.0 |
|   512 |  41.67 | 4/6 |   488.3 |    61.0 |
|  1024 |  62.50 | 4/5 |   488.3 |    61.0 |
|  4096 | 250.00 | 4/6 |   488.3 |    61.0 |
|    64 |  10.42 | 4/8 |   488.4 |    61.1 |
|   128 |  15.63 | 4/7 |   488.4 |    61.1 |
|   256 |  20.83 | 4/5 |   520.8 |    65.1 |
|  2048 | 125.00 | 4/5 |   537.1 |    67.1 |
|   512 |  62.50 | 4/8 |   549.3 |    68.7 |
|   256 |  31.25 | 4/7 |   558.0 |    69.8 |
|    64 |  10.42 | 4/7 |   558.2 |    69.8 |
|   128 |  20.83 | 4/8 |   569.6 |    71.2 |
|   128 |  15.63 | 4/6 |   569.8 |    71.2 |
|    64 |   7.81 | 4/5 |   585.8 |    73.2 |
|  4096 | 250.00 | 4/5 |   585.9 |    73.2 |
|   512 |  41.67 | 4/5 |   586.0 |    73.2 |
|    32 |   7.81 | 4/8 |   610.2 |    76.3 |
|  1024 | 125.00 | 4/8 |   610.4 |    76.3 |
|   512 |  62.50 | 4/7 |   627.8 |    78.5 |
|   128 |  20.83 | 4/7 |   650.9 |    81.4 |
|   256 |  31.25 | 4/6 |   651.0 |    81.4 |
|   256 |  41.67 | 4/8 |   651.1 |    81.4 |
|    64 |  10.42 | 4/6 |   651.3 |    81.4 |
|  2048 | 250.00 | 4/8 |   671.4 |    83.9 |
|   128 |  15.63 | 4/5 |   683.8 |    85.5 |
|    32 |   7.81 | 4/7 |   697.3 |    87.2 |
|  1024 | 125.00 | 4/7 |   697.5 |    87.2 |
|   512 |  62.50 | 4/6 |   732.4 |    91.6 |
|  4096 | 500.00 | 4/8 |   732.4 |    91.6 |
|    64 |  15.63 | 4/8 |   732.7 |    91.6 |
|   256 |  41.67 | 4/7 |   744.1 |    93.0 |
|   128 |  20.83 | 4/6 |   759.4 |    94.9 |
|  2048 | 250.00 | 4/7 |   767.3 |    95.9 |
|   256 |  31.25 | 4/5 |   781.3 |    97.7 |
|    64 |  10.42 | 4/5 |   781.5 |    97.7 |
|    32 |   7.81 | 4/6 |   813.5 |   101.7 |
|  1024 | 125.00 | 4/6 |   813.8 |   101.7 |
|    32 |  10.42 | 4/8 |   814.1 |   101.8 |
|  4096 | 500.00 | 4/7 |   837.1 |   104.6 |
|    64 |  15.63 | 4/7 |   837.3 |   104.7 |
|   128 |  31.25 | 4/8 |   854.5 |   106.8 |
|   256 |  41.67 | 4/6 |   868.1 |   108.5 |
|   512 |  62.50 | 4/5 |   878.9 |   109.9 |
|  2048 | 250.00 | 4/6 |   895.2 |   111.9 |
|   128 |  20.83 | 4/5 |   911.3 |   113.9 |
|    32 |  10.42 | 4/7 |   930.4 |   116.3 |
|    32 |   7.81 | 4/5 |   976.3 |   122.0 |
|    64 |  20.83 | 4/8 |   976.4 |   122.1 |
|   128 |  31.25 | 4/7 |   976.6 |   122.1 |
|   256 |  62.50 | 4/8 |   976.6 |   122.1 |
|  1024 | 125.00 | 4/5 |   976.6 |   122.1 |
|  4096 | 500.00 | 4/6 |   976.6 |   122.1 |
|    64 |  15.63 | 4/6 |   976.9 |   122.1 |
|   256 |  41.67 | 4/5 |  1041.8 |   130.2 |
|  2048 | 250.00 | 4/5 |  1074.2 |   134.3 |
|    32 |  10.42 | 4/6 |  1085.4 |   135.7 |
|   512 | 125.00 | 4/8 |  1098.6 |   137.3 |
|    64 |  20.83 | 4/7 |  1115.9 |   139.5 |
|   256 |  62.50 | 4/7 |  1116.1 |   139.5 |
|   128 |  31.25 | 4/6 |  1139.3 |   142.4 |
|   128 |  41.67 | 4/8 |  1139.4 |   142.4 |
|  4096 | 500.00 | 4/5 |  1171.9 |   146.5 |
|    64 |  15.63 | 4/5 |  1172.3 |   146.5 |
|  1024 | 250.00 | 4/8 |  1220.7 |   152.6 |
|    32 |  15.63 | 4/8 |  1221.1 |   152.6 |
|   512 | 125.00 | 4/7 |  1255.6 |   156.9 |
|    64 |  20.83 | 4/6 |  1301.9 |   162.7 |
|   256 |  62.50 | 4/6 |  1302.1 |   162.8 |
|   128 |  41.67 | 4/7 |  1302.2 |   162.8 |
|    32 |  10.42 | 4/5 |  1302.5 |   162.8 |
|  2048 | 500.00 | 4/8 |  1342.8 |   167.8 |
|   128 |  31.25 | 4/5 |  1367.2 |   170.9 |
|  1024 | 250.00 | 4/7 |  1395.1 |   174.4 |
|    32 |  15.63 | 4/7 |  1395.5 |   174.4 |
|    64 |  31.25 | 4/8 |  1464.8 |   183.1 |
|   512 | 125.00 | 4/6 |  1464.8 |   183.1 |
|   128 |  41.67 | 4/6 |  1519.2 |   189.9 |
|  2048 | 500.00 | 4/7 |  1534.6 |   191.8 |
|    64 |  20.83 | 4/5 |  1562.3 |   195.3 |
|   256 |  62.50 | 4/5 |  1562.5 |   195.3 |
|    32 |  20.83 | 4/8 |  1627.3 |   203.4 |
|  1024 | 250.00 | 4/6 |  1627.6 |   203.5 |
|    32 |  15.63 | 4/6 |  1628.1 |   203.5 |
|    64 |  31.25 | 4/7 |  1674.1 |   209.3 |
|   128 |  62.50 | 4/8 |  1709.0 |   213.6 |
|   512 | 125.00 | 4/5 |  1757.8 |   219.7 |
|  2048 | 500.00 | 4/6 |  1790.4 |   223.8 |
|   128 |  41.67 | 4/5 |  1823.1 |   227.9 |
|    32 |  20.83 | 4/7 |  1859.8 |   232.5 |
|    64 |  31.25 | 4/6 |  1953.1 |   244.1 |
|   128 |  62.50 | 4/7 |  1953.1 |   244.1 |
|   256 | 125.00 | 4/8 |  1953.1 |   244.1 |
|  1024 | 250.00 | 4/5 |  1953.1 |   244.1 |
|    64 |  41.67 | 4/8 |  1953.3 |   244.2 |
|    32 |  15.63 | 4/5 |  1953.8 |   244.2 |
|  2048 | 500.00 | 4/5 |  2148.4 |   268.6 |
|    32 |  20.83 | 4/6 |  2169.8 |   271.2 |
|   512 | 250.00 | 4/8 |  2197.3 |   274.7 |
|   256 | 125.00 | 4/7 |  2232.1 |   279.0 |
|    64 |  41.67 | 4/7 |  2232.3 |   279.0 |
|   128 |  62.50 | 4/6 |  2278.6 |   284.8 |
|    64 |  31.25 | 4/5 |  2343.8 |   293.0 |
|    32 |  31.25 | 4/8 |  2441.4 |   305.2 |
|  1024 | 500.00 | 4/8 |  2441.4 |   305.2 |
|   512 | 250.00 | 4/7 |  2511.2 |   313.9 |
|    32 |  20.83 | 4/5 |  2603.8 |   325.5 |
|   256 | 125.00 | 4/6 |  2604.2 |   325.5 |
|    64 |  41.67 | 4/6 |  2604.4 |   325.5 |
|   128 |  62.50 | 4/5 |  2734.4 |   341.8 |
|    32 |  31.25 | 4/7 |  2790.2 |   348.8 |
|  1024 | 500.00 | 4/7 |  2790.2 |   348.8 |
|    64 |  62.50 | 4/8 |  2929.7 |   366.2 |
|   512 | 250.00 | 4/6 |  2929.7 |   366.2 |
|   256 | 125.00 | 4/5 |  3125.0 |   390.6 |
|    64 |  41.67 | 4/5 |  3125.3 |   390.7 |
|    32 |  31.25 | 4/6 |  3255.2 |   406.9 |
|  1024 | 500.00 | 4/6 |  3255.2 |   406.9 |
|    32 |  41.67 | 4/8 |  3255.5 |   406.9 |
|    64 |  62.50 | 4/7 |  3348.2 |   418.5 |
|   128 | 125.00 | 4/8 |  3418.0 |   427.2 |
|   512 | 250.00 | 4/5 |  3515.6 |   439.5 |
|    32 |  41.67 | 4/7 |  3720.5 |   465.1 |
|    32 |  31.25 | 4/5 |  3906.3 |   488.3 |
|    64 |  62.50 | 4/6 |  3906.3 |   488.3 |
|   128 | 125.00 | 4/7 |  3906.3 |   488.3 |
|   256 | 250.00 | 4/8 |  3906.3 |   488.3 |
|  1024 | 500.00 | 4/5 |  3906.3 |   488.3 |
|    32 |  41.67 | 4/6 |  4340.6 |   542.6 |
|   512 | 500.00 | 4/8 |  4394.5 |   549.3 |
|   256 | 250.00 | 4/7 |  4464.3 |   558.0 |
|   128 | 125.00 | 4/6 |  4557.3 |   569.7 |
|    64 |  62.50 | 4/5 |  4687.5 |   585.9 |
|    32 |  62.50 | 4/8 |  4882.8 |   610.4 |
|   512 | 500.00 | 4/7 |  5022.3 |   627.8 |
|   256 | 250.00 | 4/6 |  5208.3 |   651.0 |
|    32 |  41.67 | 4/5 |  5208.8 |   651.1 |
|   128 | 125.00 | 4/5 |  5468.8 |   683.6 |
|    32 |  62.50 | 4/7 |  5580.4 |   697.5 |
|    64 | 125.00 | 4/8 |  5859.4 |   732.4 |
|   512 | 500.00 | 4/6 |  5859.4 |   732.4 |
|   256 | 250.00 | 4/5 |  6250.0 |   781.3 |
|    32 |  62.50 | 4/6 |  6510.4 |   813.8 |
|    64 | 125.00 | 4/7 |  6696.4 |   837.1 |
|   128 | 250.00 | 4/8 |  6835.9 |   854.5 |
|   512 | 500.00 | 4/5 |  7031.3 |   878.9 |
|    32 |  62.50 | 4/5 |  7812.5 |   976.6 |
|    64 | 125.00 | 4/6 |  7812.5 |   976.6 |
|   128 | 250.00 | 4/7 |  7812.5 |   976.6 |
|   256 | 500.00 | 4/8 |  7812.5 |   976.6 |
|   256 | 500.00 | 4/7 |  8928.6 |  1116.1 |
|   128 | 250.00 | 4/6 |  9114.6 |  1139.3 |
|    64 | 125.00 | 4/5 |  9375.0 |  1171.9 |
|    32 | 125.00 | 4/8 |  9765.6 |  1220.7 |
|   256 | 500.00 | 4/6 | 10416.7 |  1302.1 |
|   128 | 250.00 | 4/5 | 10937.5 |  1367.2 |
|    32 | 125.00 | 4/7 | 11160.7 |  1395.1 |
|    64 | 250.00 | 4/8 | 11718.8 |  1464.8 |
|   256 | 500.00 | 4/5 | 12500.0 |  1562.5 |
|    32 | 125.00 | 4/6 | 13020.8 |  1627.6 |
|    64 | 250.00 | 4/7 | 13392.9 |  1674.1 |
|   128 | 500.00 | 4/8 | 13671.9 |  1709.0 |
|    32 | 125.00 | 4/5 | 15625.0 |  1953.1 |
|    64 | 250.00 | 4/6 | 15625.0 |  1953.1 |
|   128 | 500.00 | 4/7 | 15625.0 |  1953.1 |
|   128 | 500.00 | 4/6 | 18229.2 |  2278.6 |
|    64 | 250.00 | 4/5 | 18750.0 |  2343.8 |
|    32 | 250.00 | 4/8 | 19531.3 |  2441.4 |
|   128 | 500.00 | 4/5 | 21875.0 |  2734.4 |
|    32 | 250.00 | 4/7 | 22321.4 |  2790.2 |
|    64 | 500.00 | 4/8 | 23437.5 |  2929.7 |
|    32 | 250.00 | 4/6 | 26041.7 |  3255.2 |
|    64 | 500.00 | 4/7 | 26785.7 |  3348.2 |
|    32 | 250.00 | 4/5 | 31250.0 |  3906.3 |
|    64 | 500.00 | 4/6 | 31250.0 |  3906.3 |
|    64 | 500.00 | 4/5 | 37500.0 |  4687.5 |
|    32 | 500.00 | 4/8 | 39062.5 |  4882.8 |
|    32 | 500.00 | 4/7 | 44642.9 |  5580.4 |
|    32 | 500.00 | 4/6 | 52083.3 |  6510.4 |
|    32 | 500.00 | 4/5 | 62500.0 |  7812.5 |
